pert_pred_dicts:
[{'pred_boxes': tensor([[34.6972, -3.3652, -1.4732,  3.6903,  1.6299,  1.4686,  6.2810],
        [16.1623,  3.4853, -1.0538,  0.9068,  0.6106,  1.7118,  5.9038],
        [50.2973,  2.6559, -1.4527,  4.4573,  1.7651,  1.4631,  3.1875],
        [31.0347,  4.4697, -0.8008,  1.6358,  0.6875,  1.8597,  1.2184],
        [ 4.8980,  5.0566, -0.6530,  4.0035,  1.7019,  1.6224,  6.2601]],
       device='cuda:0'),
       'pred_scores': tensor([0.4508, 0.3599, 0.2510, 0.1568, 0.1198], device='cuda:0'),
       'pred_labels': tensor([1, 2, 1, 3, 1], device='cuda:0')},

       {'pred_boxes': tensor([[34.9546, -3.0500, -1.3568,  4.0514,  1.6496,  1.4601,  6.3985],
        [45.4307, -4.5630, -0.3560,  1.6496,  0.3551,  1.6824,  6.3127],
        [62.1145, -5.4421, -0.9196,  3.6853,  1.5673,  1.5399,  3.0436],
        [23.2908, -5.7211, -0.5726,  0.6059,  0.7734,  1.9049,  6.4508],
        [31.9993, -4.5198, -1.0460,  0.3571,  0.5340,  1.8384,  4.8164],
        [ 5.5757,  4.3504, -0.6078,  1.6663,  0.3808,  1.7437,  6.1340],
        [ 9.1846, -3.0833, -0.8167,  3.3051,  1.5869,  1.5490,  6.3927],
        [16.1360,  3.8692, -0.9432,  1.6406,  0.5427,  1.6706,  3.4590],
        [22.9953, -4.5982, -0.6397,  0.6492,  0.5295,  1.7765,  3.0466],
        [60.5643,  2.5589, -1.3665,  4.1717,  1.6337,  1.7773,  3.5228],
        [45.5991,  2.9424, -1.0686,  4.1808,  1.6685,  1.6222,  3.5662]],
       device='cuda:0'),
       'pred_scores': tensor([0.8146, 0.2174, 0.2042, 0.2011, 0.1924, 0.1818, 0.1436, 0.1371, 0.1131,
        0.1127, 0.1020], device='cuda:0'),
        'pred_labels': tensor([1, 3, 1, 2, 2, 3, 1, 3, 2, 1, 1], device='cuda:0')},

        {'pred_boxes': tensor([[34.8208, -3.3317, -1.4071,  4.0852,  1.6198,  1.5217,  3.0858],
        [16.1677,  3.6124, -0.8693,  1.6285,  0.6289,  1.8033,  1.3375],
        [50.3070,  3.4176, -1.4931,  4.2122,  1.7047,  1.5076,  3.0234],
        [ 7.2216, -4.0008, -0.5922,  0.6903,  0.6266,  1.7122,  1.5948],
        [38.9290,  2.6372, -1.3160,  1.6614,  0.3861,  1.6675,  5.7673]],
       device='cuda:0'),
       'pred_scores': tensor([0.5710, 0.1716, 0.1282, 0.1158, 0.1058], device='cuda:0'),
       'pred_labels': tensor([1, 3, 1, 2, 3], device='cuda:0')},

       {'pred_boxes': tensor([[33.7633, -4.3398, -1.5212,  3.9323,  1.6594,  1.4786,  5.0000],
        [30.9461,  3.8680, -0.6927,  0.7971,  0.4766,  1.8739,  4.5121],
        [50.3151,  2.2580, -1.4904,  4.2485,  1.6706,  1.5343,  3.1015],
        [ 5.1717,  4.4714, -0.8055,  0.4796,  0.5420,  1.7625,  4.5310],
        [ 9.5711, -3.3782, -0.8900,  4.1195,  1.6496,  1.5441,  6.2279],
        [23.2704, -5.2683, -0.9039,  1.7987,  0.6516,  1.8369,  4.9180],
        [16.1612,  3.4577, -0.8547,  1.8291,  0.7639,  1.7153,  5.0177],
        [ 8.6763,  4.8855, -0.4411,  4.5526,  1.8343,  2.0853,  6.2687],
        [61.8040, -5.4387, -0.9904,  3.8378,  1.5843,  1.5631,  2.9212]],
       device='cuda:0'),
       'pred_scores': tensor([0.3877, 0.2020, 0.1998, 0.1974, 0.1669, 0.1625, 0.1448, 0.1356, 0.1246],
       device='cuda:0'),
       'pred_labels': tensor([1, 2, 1, 2, 1, 3, 3, 1, 1], device='cuda:0')},

       {'pred_boxes': tensor([[34.8012, -2.9921, -1.3132,  4.2342,  1.6187,  1.4163,  6.4480],
        [16.2424,  3.8255, -0.7749,  0.5728,  0.6907,  1.8620,  6.5847],
        [30.9689,  3.8547, -0.8401,  0.3380,  0.4679,  1.8103,  4.2851],
        [23.0513, -4.5924, -0.5308,  0.7205,  0.5648,  1.9027,  3.1371],
        [48.3094,  2.9422, -1.7181,  0.4606,  0.5035,  1.8269,  5.2938],
        [45.1070,  3.0831, -1.2514,  4.1635,  1.6155,  1.6340,  3.4084],
        [60.3172, -5.1644, -0.9025,  0.8255,  0.6844,  1.8644,  6.1384],
        [38.6161,  2.6372, -1.2842,  0.4981,  0.5951,  1.7050,  4.7060],
        [ 5.4146,  5.0053, -0.6007,  4.4056,  1.8241,  2.0681,  6.1141],
        [51.1500, -4.7450, -0.5472,  0.5839,  0.5155,  1.7614,  1.5653]],
       device='cuda:0'),
       'pred_scores': tensor([0.6767, 0.4272, 0.2144, 0.1691, 0.1405, 0.1289, 0.1266, 0.1167, 0.1136,
        0.1031], device='cuda:0'),
        'pred_labels': tensor([1, 2, 2, 2, 2, 1, 2, 2, 1, 2], device='cuda:0')},

        {'pred_boxes': tensor([[34.6931, -3.0980, -1.2900,  3.6307,  1.5256,  1.4907,  3.3810],
        [50.3794,  3.0391, -1.5437,  4.2544,  1.6924,  1.5082,  3.0309],
        [ 7.7720, -2.2744, -0.8930,  3.7476,  1.6105,  1.5373,  3.2254],
        [ 8.4860, -4.1553, -0.5842,  0.4406,  0.5443,  1.7914,  5.0416],
        [31.0840,  3.8276, -0.6353,  0.4789,  0.6783,  1.7816,  4.6148],
        [16.0812, -4.2646, -0.7206,  0.3984,  0.4914,  1.7925,  1.8505]],
       device='cuda:0'),
       'pred_scores': tensor([0.5664, 0.2812, 0.1747, 0.1247, 0.1195, 0.1181], device='cuda:0'),
       'pred_labels': tensor([1, 1, 1, 2, 2, 2], device='cuda:0')}, {'pred_boxes': tensor([[34.8673, -3.2888, -1.3301,  3.9944,  1.5908,  1.5080,  3.1210],
        [23.2868, -5.7387, -0.4177,  0.5990,  0.7578,  1.8973,  6.5151],
        [ 5.1554, -3.9653, -0.6845,  1.6774,  0.3919,  1.7785,  6.2375],
        [45.4610, -4.5776, -0.4425,  1.5814,  0.3400,  1.6995,  6.2967],
        [38.6722,  2.6518, -1.0699,  0.6052,  0.7248,  1.7374,  1.5482],
        [ 9.5570, -3.3704, -0.9016,  4.0109,  1.6568,  1.5827,  6.2707],
        [31.8091, -4.3462, -1.1111,  0.8128,  0.5620,  1.8287,  5.5645],
        [51.0928, -4.9451, -0.7752,  0.8460,  0.6016,  1.7614,  5.2224]],
       device='cuda:0'),
       'pred_scores': tensor([0.5976, 0.3611, 0.3117, 0.2882, 0.1976, 0.1337, 0.1023, 0.1016],
       device='cuda:0'),
       'pred_labels': tensor([1, 2, 3, 3, 2, 1, 2, 2], device='cuda:0')},

       {'pred_boxes': tensor([[34.6272, -3.3051, -1.4321,  4.0068,  1.6073,  1.6278,  3.0378],
        [48.4027,  2.9851, -1.6219,  0.6497,  0.5609,  1.7096,  5.8714],
        [51.8679, -4.5517, -0.5314,  1.6659,  0.3682,  1.6992,  6.5007],
        [ 4.6732, -3.9313, -0.8311,  0.4463,  0.5512,  1.7546,  1.0681],
        [ 7.0720,  4.1928, -0.6154,  0.5610,  0.6484,  1.8355,  6.4306],
        [ 9.1781, -2.6208, -0.9923,  1.6712,  0.3687,  1.5941,  6.1595]],
       device='cuda:0'),
       'pred_scores': tensor([0.8170, 0.2280, 0.2025, 0.1939, 0.1485, 0.1082], device='cuda:0'),
       'pred_labels': tensor([1, 2, 3, 2, 2, 3], device='cuda:0')}]
